x_data,Sample_1,Sample_2,Sample_3,Sample_4,Sample_5,Sample_6,Sample_7,Sample_8,Sample_9,Sample_10
0,0.6049119730824583,0.7548277075898907,0.8219284398565767,0.8611797518296556,0.8862047831110808,0.902583316640683,0.9155576884395162,0.9244856988678988,0.9326677798174134,0.9394057225390064
1,0.40944583212116875,0.6032948712086834,0.7049633469378084,0.7646632638011623,0.802802381540354,0.8328055007562385,0.8519210562555664,0.8698800976129971,0.8839172509328144,0.8940707920984796
2,0.27207031484757205,0.4832885199641285,0.6012259656474132,0.679274721861494,0.7294055160603029,0.7666026504543311,0.7964069732975048,0.8183452415727593,0.8345599030395137,0.848682694929003
3,0.18492641210873267,0.38608746075198497,0.514789440494387,0.6009412091064089,0.6622418170171628,0.7076493389624076,0.7400019230747303,0.7680689466851435,0.7901305647203003,0.809582359325588
4,0.12447943268291169,0.30881880586095517,0.4410976966208899,0.5338562725230328,0.6032397167094311,0.6519769112579106,0.6902215920253979,0.7233872240103,0.7483678129315955,0.7722891951478104
5,0.08285187706210398,0.24532109283591347,0.37755054925230913,0.4728596319127665,0.5464104372829993,0.601899107747465,0.64547693263205,0.6807409702242903,0.7078111377074391,0.7333402731328805
6,0.05687685141275085,0.19806498370199752,0.325050120805913,0.4200853098461217,0.49611699523378655,0.5542662768515934,0.6001768860421843,0.6389305283788587,0.6695670463221395,0.6942452434393068
7,0.03731529097070986,0.15725092406476188,0.27630401900309987,0.37383677396967224,0.44984848205065725,0.5093895785083423,0.5601255044771943,0.6003602298433258,0.6356143833726511,0.6627168303439155
8,0.0244597386136491,0.12508572139889929,0.23542467857769775,0.3312896402202536,0.40855062011244214,0.4707579190216413,0.5213676756215583,0.5640174123187167,0.5990918605091388,0.6302035769640402
9,0.013949839132943339,0.09958465125378889,0.20319124428342744,0.2921450349564474,0.3708165278256707,0.43412661252749696,0.48604882651971565,0.5314348531721595,0.5684929843781512,0.5988339976644274
10,0.011296119208448049,0.07948491661418895,0.17218188244958532,0.2593732911105288,0.33646338536741943,0.3993986519170871,0.45361050752026455,0.4999284314536732,0.5376774877436333,0.5722453586858121
11,0.007270415705370333,0.06483626693438406,0.14737164279440196,0.2305594999993189,0.3055630486235424,0.3692703627405086,0.4218900089240545,0.47070826932688065,0.5101830238266534,0.5429584558505608
12,0.006602947778240956,0.05000178404490069,0.1261124154157681,0.20688912339399299,0.2771696449592846,0.3390474838045118,0.3939503074877297,0.4399325326111583,0.4816530308613076,0.5175317329534292
13,0.0030339937248631365,0.04247019299160949,0.10841049309146862,0.18217803858087575,0.2522636657039852,0.3130990043838821,0.36774086328457706,0.4157448074964331,0.4563151765702216,0.4925712004955395
14,0.0020720283428359914,0.03189009617314668,0.09308631061851119,0.1605797591723229,0.22828969908510946,0.28882479861098526,0.34243017423007255,0.3891286188014643,0.4302697209309816,0.46722768569498035
15,0.0005539961278287963,0.026618639438121906,0.08063895942949184,0.144040672686846,0.20804306018355292,0.266557714843775,0.31856755073840304,0.36780703341812304,0.40735146944130324,0.4445350287368866
16,0.0014288607926133453,0.019931286759268772,0.06921230112343123,0.1273269347308643,0.18799001595037326,0.24475811593922128,0.2969045934860539,0.34477805611183227,0.3871439167911736,0.4258424749164508
17,0.0011523792331477368,0.015057896036383741,0.05761085325346248,0.11187660318711305,0.17131147639170677,0.22630639714104755,0.2760303938966071,0.32351605288551344,0.36601637726476793,0.4043260853436531
18,0.0009369405176794581,0.012767149376317928,0.05061584167588211,0.10057631456294383,0.15444156502720444,0.20891106560422537,0.2586396415720092,0.30311990737768824,0.34557246770089206,0.38415321985865586
19,0.00039702567663826426,0.011119303333232104,0.04319515554021373,0.08832192063125271,0.14129931964337777,0.1921966984614122,0.24043619215709588,0.2888328156267251,0.3281514020044561,0.36559953333520095
20,0.0014723293713794184,0.007400691051950292,0.037841966866200755,0.07893308882692386,0.12847913844569203,0.1771965750190788,0.22505117671248542,0.26858267803408403,0.3096556220812141,0.34795662010608147
21,4.887967454437277e-06,0.006325545236000505,0.03033242145036867,0.07022008417184075,0.11577870877621779,0.16317415005519142,0.2125994623413206,0.2517584504770965,0.2943573823896874,0.32956806126801486
22,-0.0007864941330305132,0.0065943011266632575,0.02787933234538114,0.06295781684861623,0.10712079396059389,0.14997415185963642,0.19547343738759343,0.23749748637828563,0.27738196536035364,0.31275095720314894
23,-0.00013269514889980384,0.004536409760167751,0.022520553296996957,0.05559639987378001,0.09610422091854595,0.13893909112005523,0.18290656084577256,0.22365307433333473,0.2622670242206707,0.29725004362501156
24,-0.0005377826034105587,0.004816748156963806,0.020046090503056165,0.050164338767901114,0.08695220262055171,0.12563583773636,0.17024588035146163,0.2103268132786396,0.24890089344943814,0.28431473722326034
25,0.001229331718887965,0.003081405757354323,0.016262175125183843,0.043441444005114384,0.07845103092292886,0.11627217587331255,0.15737031031859006,0.19832573562753564,0.23581881076595895,0.2702286398915346
26,0.0016030224847047199,0.0024796626849853246,0.016251232232408305,0.038184081052409335,0.0724929046587512,0.10660092342908702,0.14708258784435235,0.18624746561486588,0.22247757013472091,0.25786257295252796
27,0.001252650679670811,0.0006452732804176726,0.012115737495433331,0.0353941891192841,0.06535114965394735,0.10012298007459311,0.13646367630201328,0.17347959414439387,0.20998007872529917,0.24632862796493396
28,0.0018808552103350264,0.000368603002613134,0.008693405696479613,0.02985650155436799,0.05833358354732361,0.09031309955517103,0.13021928566194893,0.16412895391580032,0.19828192695208388,0.23405150977484146
29,-3.348823791571766e-05,0.0004931156367615392,0.009048473031278242,0.02731082972269211,0.05201111690948958,0.08457808421852667,0.1195301656869217,0.1538740011449832,0.18814287367292676,0.22153319305916677
30,-0.0003271103369495712,0.0003647960413388616,0.008226695178457461,0.022986246422709716,0.04878133682531051,0.07888326134549245,0.11014264321966877,0.14563905884519376,0.1784038255775099,0.20830141133623492
31,0.0009712045710544784,0.0016463532332515992,0.006832567991582646,0.02214047050107229,0.043493663951520344,0.07114487499621394,0.10356920095824368,0.13680635588901582,0.16914733076862598,0.20093764820515225
32,0.00017383967552750472,0.002220100260912236,0.0062438800368524085,0.018977596798779164,0.041272455876737627,0.06682820398721623,0.09731377751549193,0.12892122365256065,0.15778290744358328,0.19119264906591427
33,-0.0016688934277262707,0.0007360141877923278,0.004294809897362037,0.01645827001970773,0.03419419060779309,0.06245066376177968,0.08911548501358302,0.12040993234481173,0.1510946247774517,0.18126794157966022
34,0.0008349894448932423,0.0008888368487249319,0.004422026637710762,0.01530008938186082,0.032848401457957144,0.05828195519937647,0.08293463763357616,0.11252265570774046,0.14290080195480317,0.17355822889201714
35,-0.00040379564280070126,-0.0004182505802961837,0.004182876975398806,0.01472728458898739,0.030081741362214767,0.05135028110775538,0.07863270411754698,0.10649143558242466,0.1354121800256092,0.16526206546427918
36,-0.001490860263228682,0.0015042854941593408,0.002056610084905296,0.01179399545439189,0.02916098882601336,0.04736173411251645,0.07391661740418179,0.09954337752221054,0.1283195726493122,0.15500642421648758
37,-0.00031963343148414696,0.0009405136754694775,0.002364950056643669,0.00838450806432736,0.024848139609791847,0.04542217334779884,0.06745516428865511,0.09345718334741226,0.12293865978599842,0.15032379217838382
38,-0.001842683565717728,0.0012759829612070718,0.0020228916933672787,0.008894888608727091,0.02104136095061237,0.04079331490465556,0.06431443743647391,0.08754281501430948,0.11448927445058664,0.14273625660333253
39,-6.67866870720265e-05,0.0009510235812359122,0.00096262039030259,0.006715273471106768,0.019854487249006098,0.03870368022443442,0.06057876735330185,0.08285913877496348,0.10871948029842561,0.13451366645196708
40,-0.000332763504188187,-0.0007930758413058054,0.0023865752766859833,0.007239669425456465,0.01831381766194814,0.03416386240651159,0.05713946371437725,0.07846654801374914,0.10247335095793944,0.1288432367961339
41,0.0004848310741245621,0.0014987559694016107,0.0015927626098612524,0.006493440400119802,0.016118453497985234,0.033725447037771805,0.05186863625443266,0.07332436929537164,0.097882146328519,0.12082528970449327
42,-0.0009625931793000296,0.00022186863362676663,0.0010314932240820054,0.0035834463538557304,0.015580457399450026,0.02842712310509317,0.048500087689029206,0.07239216946925595,0.09125725484878149,0.117614115476838
43,-0.00016238552034102618,0.00010297238576706039,0.0013203659796425845,0.005038479190796379,0.015151182519084382,0.027717886312619473,0.04503506156204273,0.06433359643763462,0.0878793462541408,0.10905679412771768
44,-0.0006117194260660227,-0.0010948840494452914,-0.000357326033334148,0.005072934837397012,0.010271865206049738,0.02496959719338409,0.04222652848536103,0.0604796275210247,0.08408217441003953,0.1046892459062767
45,-0.0017637444381459492,-0.00023924233627895647,0.00018593967322472888,0.00402939386180264,0.012120493689148047,0.02393586873247326,0.03805312351307779,0.05699922166987002,0.07616128335401103,0.10025875311958651
46,0.00042018460541656105,0.00023223535996545118,-0.0003725458970246274,0.0052183702529261435,0.009340041055762497,0.022400324316339485,0.036395245639050215,0.052705942002058845,0.07256607195428455,0.09577293436613422
47,-0.0015238983295778157,0.0009038122060189606,0.0007498523626585059,0.003978005843956853,0.010627049338966663,0.022814276840338554,0.0324147991947024,0.05057106211192117,0.07030864883053581,0.09058750372776099
48,0.0015034742931133603,0.0013287170545809072,0.0004882968005719102,0.0035295103044090973,0.009371831407275778,0.01851357529246273,0.030817174745223597,0.047353245073494726,0.06681445212088404,0.08594635488861352
49,-0.0003998808213403539,-0.0009304888023812605,0.000172854686277319,0.002681631793372095,0.008298516504327598,0.01781620990860342,0.02997688569106131,0.0439263260918723,0.062495289667053776,0.08160056699736067
